# flash log dump: 104 records
seq,flags,cold,held,incomplete,refreshed,bootN,slept_s,v_boot_mV,v_sleep_mV,dv_sleep_mV,dv_cycle_mV,net_uA,T_C,RH_pct
1,0x0D,1,0,0,1,1,300,4367,4442,+0,+75,+0,22.32,58.8
2,0x0C,0,0,0,1,2,300,4435,4436,-7,+1,-93,22.51,56.9
3,0x0C,0,0,0,1,3,300,4434,4437,-2,+3,-27,22.41,55.4
4,0x0D,1,0,0,1,1,300,4355,4435,-82,+80,-1093,22.08,57.0
5,0x0D,1,0,0,1,1,300,4440,4375,+5,-65,+67,22.85,60.7
6,0x0C,0,0,0,1,2,300,4370,4309,-5,-61,-67,21.65,57.3
7,0x0D,1,0,0,1,1,300,4394,4322,+85,-72,+1133,20.03,64.9
8,0x0C,0,0,0,1,2,300,4340,4274,+18,-66,+240,20.20,58.9
9,0x0C,0,0,0,1,3,300,4288,4226,+14,-62,+187,20.20,59.0
10,0x0C,0,0,0,1,4,300,4246,4179,+20,-67,+267,20.29,59.1
11,0x0C,0,0,0,1,5,300,4203,4137,+24,-66,+320,20.29,58.8
12,0x0C,0,0,0,1,6,300,4157,4089,+20,-68,+267,20.32,58.8
13,0x0C,0,0,0,1,7,300,4109,4042,+20,-67,+267,20.31,59.5
14,0x0C,0,0,0,1,8,300,4062,3995,+20,-67,+267,20.38,59.4
15,0x0C,0,0,0,1,9,300,4008,3938,+13,-70,+173,20.14,59.5
16,0x0C,0,0,0,1,10,300,3970,3902,+32,-68,+427,20.67,61.0
17,0x0D,1,0,0,1,1,300,3930,3856,+28,-74,+373,21.41,59.2
18,0x0C,0,0,0,1,2,300,3861,3796,+5,-65,+67,20.54,59.2
19,0x0C,0,0,0,1,3,300,3740,3672,-56,-68,-747,21.21,57.0
20,0x0C,0,0,0,1,4,300,4412,4368,+740,-44,+9867,23.52,51.4
21,0x0C,0,0,0,1,5,300,4798,4750,+430,-48,+5733,23.87,50.3
22,0x0C,0,0,0,1,6,300,4957,4904,+207,-53,+2760,23.16,51.2
23,0x0C,0,0,0,1,7,300,4919,4861,+15,-58,+200,22.92,53.2
24,0x0C,0,0,0,1,8,300,4811,4754,-50,-57,-667,22.72,53.3
25,0x0C,0,0,0,1,9,300,4789,4731,+35,-58,+467,22.62,54.5
26,0x0C,0,0,0,1,10,300,4763,4704,+32,-59,+427,22.58,54.6
27,0x0C,0,0,0,1,11,300,4736,4677,+32,-59,+427,22.46,54.4
28,0x0C,0,0,0,1,12,300,4647,4585,-30,-62,-400,22.54,53.3
29,0x0C,0,0,0,1,13,300,4625,4569,+40,-56,+533,22.32,53.6
30,0x0C,0,0,0,1,14,300,4614,4552,+45,-62,+600,22.44,55.0
31,0x0C,0,0,0,1,15,300,4618,4557,+66,-61,+880,22.35,55.2
32,0x0C,0,0,0,1,16,300,4620,4560,+63,-60,+840,22.45,53.6
33,0x0C,0,0,0,1,17,300,4615,4552,+55,-63,+733,22.34,54.3
34,0x0C,0,0,0,1,18,300,4607,4547,+55,-60,+733,22.31,54.0
35,0x0C,0,0,0,1,19,300,4595,4540,+48,-55,+640,22.28,55.0
36,0x0C,0,0,0,1,20,300,4533,4479,-7,-54,-93,22.35,54.4
37,0x0C,0,0,0,1,21,300,4536,4479,+57,-57,+760,22.24,54.6
38,0x0C,0,0,0,1,22,300,4519,4457,+40,-62,+533,22.22,55.6
39,0x0C,0,0,0,1,23,300,4409,4349,-48,-60,-640,22.15,57.3
40,0x0C,0,0,0,1,24,300,4384,4320,+35,-64,+467,22.17,55.9
41,0x0C,0,0,0,1,25,300,4289,4229,-31,-60,-413,22.12,57.0
42,0x0C,0,0,0,1,26,300,4203,4144,-26,-59,-347,22.22,56.7
43,0x0C,0,0,0,1,27,300,4124,4063,-20,-61,-267,22.32,56.6
44,0x0C,0,0,0,1,28,300,4119,4059,+56,-60,+747,22.24,57.2
45,0x0C,0,0,0,1,29,300,4039,3976,-20,-63,-267,22.22,57.6
46,0x0C,0,0,0,1,30,300,4039,3975,+63,-64,+840,22.16,57.1
47,0x0C,0,0,0,1,31,300,4036,3976,+61,-60,+813,22.17,58.0
48,0x0C,0,0,0,1,32,300,4046,3983,+70,-63,+933,22.22,58.9
49,0x0C,0,0,0,1,33,300,4062,4003,+79,-59,+1053,22.27,58.9
50,0x0C,0,0,0,1,34,300,4058,3993,+55,-65,+733,22.31,57.3
51,0x0C,0,0,0,1,35,300,4041,3976,+48,-65,+640,22.31,58.4
52,0x0C,0,0,0,1,36,300,4024,3963,+48,-61,+640,22.28,58.5
53,0x0C,0,0,0,1,37,300,4013,3947,+50,-66,+667,22.27,58.9
54,0x0C,0,0,0,1,38,300,4000,3938,+53,-62,+707,22.23,58.2
55,0x0C,0,0,0,1,39,300,3988,3926,+50,-62,+667,22.23,58.2
56,0x0C,0,0,0,1,40,300,3902,3833,-24,-69,-320,22.30,57.2
57,0x0C,0,0,0,1,41,300,3905,3838,+72,-67,+960,22.27,57.6
58,0x0C,0,0,0,1,42,300,3907,3840,+69,-67,+920,22.27,57.4
59,0x0C,0,0,0,1,43,300,3833,3770,-7,-63,-93,22.29,57.8
60,0x0C,0,0,0,1,44,300,3849,3782,+79,-67,+1053,22.23,57.4
61,0x0C,0,0,0,1,45,300,3855,3790,+73,-65,+973,22.21,58.3
62,0x0C,0,0,0,1,46,300,3864,3801,+74,-63,+987,22.22,58.8
63,0x0C,0,0,0,1,47,300,3873,3806,+72,-67,+960,22.22,58.6
64,0x0C,0,0,0,1,48,300,3880,3814,+74,-66,+987,22.24,58.2
65,0x0C,0,0,0,1,49,300,3885,3821,+71,-64,+947,22.24,58.1
66,0x0C,0,0,0,1,50,300,3889,3827,+68,-62,+907,22.26,58.5
67,0x0C,0,0,0,1,51,300,3810,3749,-17,-61,-227,22.28,58.0
68,0x0C,0,0,0,1,52,300,3823,3760,+74,-63,+987,22.23,58.7
69,0x0C,0,0,0,1,53,300,3830,3764,+70,-66,+933,22.23,57.5
70,0x0C,0,0,0,1,54,300,3835,3773,+71,-62,+947,22.23,58.7
71,0x0C,0,0,0,1,55,300,3847,3781,+74,-66,+987,22.24,58.5
72,0x0C,0,0,0,1,56,300,3856,3791,+75,-65,+1000,22.19,56.5
73,0x0C,0,0,0,1,57,300,3782,3718,-9,-64,-120,22.18,56.5
74,0x0C,0,0,0,1,58,300,3795,3735,+77,-60,+1027,22.13,56.4
75,0x0C,0,0,0,1,59,300,3803,3740,+68,-63,+907,22.10,55.4
76,0x0C,0,0,0,1,60,300,3809,3748,+69,-61,+920,22.10,55.0
77,0x0C,0,0,0,1,61,300,3819,3754,+71,-65,+947,22.10,56.6
78,0x0C,0,0,0,1,62,300,3831,3769,+77,-62,+1027,22.10,55.8
79,0x0C,0,0,0,1,63,300,3839,3780,+70,-59,+933,22.10,55.9
80,0x0C,0,0,0,1,64,300,3850,3785,+70,-65,+933,22.07,55.6
81,0x0C,0,0,0,1,65,300,3847,3782,+62,-65,+827,22.05,57.0
82,0x0C,0,0,0,1,66,300,3839,3775,+57,-64,+760,22.05,57.9
83,0x0C,0,0,0,1,67,300,3830,3766,+55,-64,+733,22.03,57.8
84,0x0C,0,0,0,1,68,300,3740,3672,-26,-68,-347,22.05,56.9
85,0x0C,0,0,0,1,69,300,3725,3660,+53,-65,+707,21.96,58.1
86,0x0C,0,0,0,1,70,300,3708,3641,+48,-67,+640,21.89,57.5
87,0x0C,0,0,0,1,71,300,3685,3619,+44,-66,+587,21.84,58.0
88,0x0C,0,0,0,1,72,300,3669,3597,+50,-72,+667,21.78,58.8
89,0x0C,0,0,0,1,73,300,3649,3577,+52,-72,+693,21.74,58.7
90,0x0C,0,0,0,1,74,300,3628,3554,+51,-74,+680,21.69,57.9
91,0x0C,0,0,0,1,75,300,3601,3528,+47,-73,+627,21.63,58.4
92,0x0C,0,0,0,1,76,300,3574,3501,+46,-73,+613,21.57,58.2
93,0x0C,0,0,0,1,77,300,3548,3476,+47,-72,+627,21.50,59.3
94,0x0C,0,0,0,1,78,300,3516,3449,+40,-67,+533,21.47,58.8
95,0x12,0,1,0,0,79,300,3387,3317,-62,-70,-827,,
96,0x02,0,1,0,0,80,900,3364,3362,+47,-2,+209,,
97,0x02,0,1,0,0,81,900,3354,3353,-8,-1,-36,,
98,0x02,0,1,0,0,82,900,3294,3293,-59,-1,-262,,
99,0x02,0,1,0,0,83,900,3199,3200,-94,+1,-418,,
100,0x02,0,1,0,0,84,900,3105,3105,-95,+0,-422,,
101,0x02,0,1,0,0,85,900,3014,3010,-91,-4,-404,,
102,0x02,0,1,0,0,86,900,2921,2920,-89,-1,-396,,
103,0x02,0,1,0,0,87,900,2835,2834,-85,-1,-378,,
104,0x03,1,1,0,0,1,300,2325,2325,-509,+0,-6787,,
# end of dump
